4294967294,0
4294967279,545
4294967279,177
4294967279,176
4294967279,326
4294967279,12
4294967279,167
4294967279,9
4294967279,312
4294967279,163
4294967279,293
4294967279,161
4294967279,158
4294967294,1416
4294967294,182
4294967294,179
4294967294,173
4294967294,170
4294967294,188
4294967294,163
4294967294,162
4294967294,966
4294967294,1413
4294967294,18
4294967294,20
4294967294,13
4294967294,476
4294967294,474
4294967294,51
4294967294,61
4294967294,416
4294967294,52
4294967294,50
4294967294,83
4294967294,1417
4294967294,7
4294967294,6
4294967278,368
4294967278,132
4294967278,131
4294967278,345
4294967278,130
4294967278,392
4294967278,129
4294967278,128
4294967278,342
4294967278,127
4294967278,126
4294967278,125
4294967278,124
4294967278,123
4294967278,252
4294967278,122
4294967278,121
4294967278,120
4294967278,119
4294967278,118
4294967278,117
4294967278,116
4294967278,404
4294967278,115
4294967278,114
4294967278,279
4294967278,113
4294967278,235
4294967278,112
4294967278,111
4294967278,409
4294967278,110
4294967278,109
4294967278,108
4294967278,107
4294967278,106
4294967278,105
4294967278,219
4294967278,104
4294967278,217
4294967278,103
4294967278,215
4294967278,102
4294967278,396
4294967278,101
4294967278,100
4294967278,382
4294967278,99
4294967278,98
4294967278,97
4294967278,96
4294967278,95
4294967278,386
4294967278,94
4294967278,93
4294967278,92
4294967278,91
4294967278,90
4294967278,89
4294967278,87
4294967278,335
4294967278,86
4294967278,85
4294967278,333
4294967278,84
4294967278,332
4294967278,83
4294967278,82
4294967278,330
4294967278,81
4294967278,80
4294967278,79
4294967278,78
4294967278,77
4294967278,76
4294967278,75
4294967278,74
4294967278,73
4294967278,357
4294967278,72
4294967278,71
4294967278,356
4294967278,70
4294967278,327
4294967278,69
4294967278,326
4294967278,68
4294967278,67
4294967278,66
4294967278,65
4294967278,64
4294967278,63
4294967278,62
4294967278,260
4294967278,0
4294967278,347
4294967279,342
4294967279,516
4294967279,515
4294967279,83
4294967279,82
4294967279,79
4294967279,269
4294967279,76
4294967279,75
4294967279,72
4294967279,69
4294967279,316
4294967279,337
4294967279,66
4294967279,61
4294967279,58
4294967279,57
4294967279,54
4294967279,52
4294967279,51
4294967279,49
4294967279,46
4294967279,156
4294967279,291
4294967279,41
4294967279,39
4294967279,37
4294967279,36
4294967279,34
4294967279,30
4294967279,298
4294967279,335
4294967279,24
4294967279,23
4294967279,345
4294967279,21
4294967279,572
4294967279,17
4294967279,14
4294967279,321
4294967279,13
4294967279,295
4294967279,280
4294967279,11
4294967279,10
4294967279,294
4294967279,8
4294967279,7
4294967279,6
4294967279,5
4294967279,4
4294967279,150
4294967279,147
4294967279,145
4294967279,144
4294967279,141
4294967279,29
4294967279,139
4294967294,93
4294967294,95
4294967294,30
4294967294,92
4294967294,88
4294967294,12
4294967294,127
4294967294,14
4294967294,126
4294967294,46
4294967279,133
4294967279,270
4294967294,969
4294967294,11
4294967294,81
4294967294,68
4294967294,17
4294967294,67
4294967294,41
4294967294,43
4294967294,475
4294967294,25
4294967294,946
4294967294,26
4294967294,972
4294967294,82
4294967294,1414
0,5
4294967294,1419
4294967279,266
4294967294,5
298,4
298,3
298,2
298,1
4294967278,370
297,6
297,5
297,4
297,3
297,2
297,1
4294967278,418
294,4
294,3
294,2
294,1
4294967278,417
293,6
293,5
293,4
293,3
293,2
293,1
290,4
290,3
290,2
290,1
289,5
289,4
289,3
289,2
289,1
287,6
287,5
287,4
287,3
287,2
287,1
286,5
286,4
286,3
286,2
286,1
4294967278,416
285,5
285,4
285,3
285,2
285,1
284,5
284,4
284,3
284,2
284,1
4294967278,415
282,4
282,3
282,2
282,1
4294967278,293
4294967278,292
4294967278,414
4294967279,346
4294967293,131
4294967293,130
4294967293,129
4294967293,128
4294967293,127
4294967293,126
4294967293,125
4294967293,124
4294967293,123
4294967293,122
4294967293,121
4294967293,120
4294967293,119
4294967293,118
4294967293,117
4294967293,116
4294967293,115
4294967293,114
4294967293,113
4294967293,112
4294967293,111
4294967293,110
4294967293,109
4294967293,108
4294967293,107
4294967293,106
4294967293,105
4294967293,104
4294967293,103
4294967293,102
4294967293,101
4294967293,100
4294967293,99
4294967293,98
4294967293,97
4294967293,96
4294967293,95
4294967293,94
4294967293,93
4294967293,92
4294967293,91
4294967293,90
4294967293,89
4294967293,88
4294967293,87
4294967293,86
4294967293,85
4294967293,84
